04388387016643
11686392198326
76692840825978
86042561781093
63350920326616
71116485641776
83284645423926
30866788841129
09135551972995
00484351088972
56275899022341
45895271857874
71038975662056
29157427894019
70683013083179
96060307261925
15294422354415
45512857216715
14853119192584
14444759982983
71462189132110
44369573520556
24797468205494
08180037921004
05179912606776
03997100042335
93659386164614
53400443772207
21954171439708
09153799948085
95981041399281
02322003367667
40247802743255
89200738867120
24423564506763
96391158979089
97712442152282
35385762228039
57458116131958
07583789717294
75657451974582
82419725228509
67634060591588
65009672876044
19464485412586
29698769909042
51377903790905
72524615062261
77588695572138
09299860136134
