26960829283176
68863359063810
41256834693703
59022193072790
95779002645670
79708901068948
42749489145080
12966668173025
91902018966697
53198422439853
45533873522969
48288786659628
10290950615789
75008019912004
69310110370524
16572247863310
67538637465997
80601090329741
65201491538636
00498343170174
82541057112499
08257507382253
37736951272117
11857404534922
61240980272332
91186362703990
77374975116993
50688631587123
74259803759784
86616199342334
64146589005064
21135731406988
00872852454742
24203757020499
17704198493611
17666718685972
58745692751219
35234536734986
51633497462914
26750539030539
11322406748679
00167866865631
83514139140144
39299441496701
39930111133010
22368517221002
72601804450721
70182972306633
02756107054423
86278189147045
